grid_id	lat1	lon1	avg_speed	start	end	total	4G	3G	2G	nos	4gd	3gd	2gd	nosd	static	full_mobile	tunnel
continuous	continuous	continuous	continuous	time	time	continuous	continuous	continuous	continuous	continuous	continuous	continuous	continuous	continuous	discrete	discrete	discrete
																	
36435.0	59.902846	10.741984	10.4175	2014-11-02 10:01:36	2014-11-02 10:02:46	8.0	0.0	8.0	0.0	0.0	0.0	100.0	0.0	0.0	0	1	1
36433.0	59.902846	10.676098	69.2648	2014-11-02 10:05:16	2014-11-02 10:05:26	2.0	0.0	2.0	0.0	0.0	0.0	100.0	0.0	0.0	0	1	1
36743.0	59.920827	10.676098	69.3265333333	2014-11-02 10:05:36	2014-11-02 10:05:56	3.0	0.0	3.0	0.0	0.0	0.0	100.0	0.0	0.0	0	1	0
36742.0	59.920827	10.643155	69.2648	2014-11-02 10:06:06	2014-11-02 10:06:26	3.0	0.0	3.0	0.0	0.0	0.0	100.0	0.0	0.0	0	1	0
36432.0	59.902846	10.643155	62.1860444444	2014-11-02 10:06:36	2014-11-02 10:07:56	9.0	0.0	9.0	0.0	0.0	0.0	100.0	0.0	0.0	0	1	0
36431.0	59.902846	10.610212	9.9910526316	2014-11-02 10:08:06	2014-11-02 10:14:16	38.0	0.0	38.0	0.0	0.0	0.0	100.0	0.0	0.0	0	1	1
36430.0	59.902846	10.577269	0.0	2014-11-02 10:14:26	2014-11-02 10:15:56	10.0	0.0	10.0	0.0	0.0	0.0	100.0	0.0	0.0	0	1	1
36118.0	59.884864	10.511383	106.52704	2014-11-02 10:16:06	2014-11-02 10:16:46	5.0	0.0	5.0	0.0	0.0	0.0	100.0	0.0	0.0	0	1	1
36117.0	59.884864	10.478441	37.6882	2014-11-02 10:16:56	2014-11-02 10:17:46	6.0	0.0	6.0	0.0	0.0	0.0	100.0	0.0	0.0	0	1	1
36116.0	59.884864	10.445498	0.0	2014-11-02 10:17:56	2014-11-02 10:18:16	3.0	0.0	3.0	0.0	0.0	0.0	100.0	0.0	0.0	0	1	1
35806.0	59.866883	10.445498	76.4876	2014-11-02 10:18:26	2014-11-02 10:18:36	2.0	0.0	2.0	0.0	0.0	0.0	100.0	0.0	0.0	0	1	1
35496.0	59.848902	10.445498	50.9917333333	2014-11-02 10:18:46	2014-11-02 10:19:06	3.0	0.0	3.0	0.0	0.0	0.0	100.0	0.0	0.0	0	1	1
35495.0	59.848902	10.412555	0.0	2014-11-02 10:19:16	2014-11-02 10:19:36	3.0	0.0	1.0	0.0	2.0	0.0	33.0	0.0	66.0	1	0	0
35185.0	59.83092	10.412555	8.4429411765	2014-11-02 10:19:46	2014-11-02 10:22:46	17.0	0.0	15.0	0.0	2.0	0.0	88.0	0.0	11.0	0	1	1
35184.0	59.83092	10.379612	0.0	2014-11-02 10:20:26	2014-11-02 10:20:36	2.0	0.0	2.0	0.0	0.0	0.0	100.0	0.0	0.0	1	0	0
34875.0	59.812939	10.412555	12.83436	2014-11-02 10:22:56	2014-11-02 10:24:46	10.0	0.0	6.0	0.0	4.0	0.0	60.0	0.0	40.0	0	1	1
34564.0	59.794957	10.379612	0.0	2014-11-02 10:24:56	2014-11-02 10:26:36	10.0	0.0	10.0	0.0	0.0	0.0	100.0	0.0	0.0	0	1	1
34254.0	59.776976	10.379612	0.0	2014-11-02 10:26:46	2014-11-02 10:28:36	12.0	0.0	12.0	0.0	0.0	0.0	100.0	0.0	0.0	1	0	0
33941.0	59.758995	10.280783	119.8244	2014-11-02 10:28:46	2014-11-02 10:28:56	2.0	0.0	2.0	0.0	0.0	0.0	100.0	0.0	0.0	0	1	1
33940.0	59.758995	10.24784	119.2688	2014-11-02 10:29:06	2014-11-02 10:29:06	1.0	0.0	1.0	0.0	0.0	0.0	100.0	0.0	0.0	0	1	0
33630.0	59.741013	10.24784	112.046	2014-11-02 10:29:16	2014-11-02 10:30:06	5.0	0.0	5.0	0.0	0.0	0.0	100.0	0.0	0.0	0	1	0
33629.0	59.741013	10.214897	84.4203333333	2014-11-02 10:30:16	2014-11-02 10:31:06	6.0	0.0	6.0	0.0	0.0	0.0	100.0	0.0	0.0	0	1	0
33319.0	59.723032	10.214897	42.8738	2014-11-02 10:31:16	2014-11-02 10:32:26	8.0	0.0	8.0	0.0	0.0	0.0	100.0	0.0	0.0	0	1	0
33318.0	59.723032	10.181954	14.3445818182	2014-11-02 10:32:36	2014-11-02 10:36:16	22.0	0.0	22.0	0.0	0.0	0.0	100.0	0.0	0.0	0	1	1
33628.0	59.741013	10.181954	48.36035	2014-11-02 10:36:26	2014-11-02 10:37:36	8.0	0.0	8.0	0.0	0.0	0.0	100.0	0.0	0.0	0	1	0
33627.0	59.741013	10.149011	94.6372	2014-11-02 10:37:46	2014-11-02 10:38:46	6.0	0.0	6.0	0.0	0.0	0.0	100.0	0.0	0.0	0	1	0
33626.0	59.741013	10.116068	116.429066667	2014-11-02 10:38:56	2014-11-02 10:39:46	6.0	0.0	6.0	0.0	0.0	0.0	100.0	0.0	0.0	0	1	0
33625.0	59.741013	10.083125	110.255733333	2014-11-02 10:39:56	2014-11-02 10:40:46	6.0	0.0	6.0	0.0	0.0	0.0	100.0	0.0	0.0	0	1	0
33624.0	59.741013	10.050183	98.87365	2014-11-02 10:40:56	2014-11-02 10:42:06	8.0	0.0	8.0	0.0	0.0	0.0	100.0	0.0	0.0	0	1	0
33623.0	59.741013	10.01724	101.939371429	2014-11-02 10:42:16	2014-11-02 10:43:16	7.0	0.0	7.0	0.0	0.0	0.0	100.0	0.0	0.0	0	1	0
33622.0	59.741013	9.984297	109.268	2014-11-02 10:43:56	2014-11-02 10:44:16	3.0	0.0	3.0	0.0	0.0	0.0	100.0	0.0	0.0	0	1	0
33621.0	59.741013	9.951354	109.1291	2014-11-02 10:44:26	2014-11-02 10:44:56	4.0	0.0	4.0	0.0	0.0	0.0	100.0	0.0	0.0	0	1	0
33931.0	59.758995	9.951354	105.0084	2014-11-02 10:45:06	2014-11-02 10:45:26	3.0	0.0	3.0	0.0	0.0	0.0	100.0	0.0	0.0	0	1	0
33930.0	59.758995	9.918411	94.8488571429	2014-11-02 10:45:36	2014-11-02 10:46:36	7.0	0.0	7.0	0.0	0.0	0.0	100.0	0.0	0.0	0	1	0
33929.0	59.758995	9.885468	39.3581931034	2014-11-02 10:46:46	2014-11-02 10:51:26	29.0	0.0	29.0	0.0	0.0	0.0	100.0	0.0	0.0	1	0	0
33619.0	59.741013	9.885468	97.0911	2014-11-02 10:51:36	2014-11-02 10:52:06	4.0	0.0	4.0	0.0	0.0	0.0	100.0	0.0	0.0	0	1	0
33618.0	59.741013	9.852525	87.2292	2014-11-02 10:52:16	2014-11-02 10:52:56	5.0	0.0	5.0	0.0	0.0	0.0	100.0	0.0	0.0	0	1	0
33308.0	59.723032	9.852525	22.5789666667	2014-11-02 10:53:06	2014-11-02 10:58:56	36.0	0.0	36.0	0.0	0.0	0.0	100.0	0.0	0.0	1	0	0
32998.0	59.70505	9.852525	93.4334	2014-11-02 10:59:06	2014-11-02 10:59:16	2.0	0.0	2.0	0.0	0.0	0.0	100.0	0.0	0.0	0	1	0
32997.0	59.70505	9.819582	94.61405	2014-11-02 10:59:26	2014-11-02 11:00:36	8.0	0.0	2.0	4.0	2.0	0.0	25.0	50.0	25.0	0	1	0
32996.0	59.70505	9.786639	92.6	2014-11-02 11:00:46	2014-11-02 11:00:56	2.0	0.0	0.0	2.0	0.0	0.0	0.0	100.0	0.0	0	1	0
32686.0	59.687069	9.786639	100.872266667	2014-11-02 11:01:36	2014-11-02 11:01:56	3.0	0.0	0.0	3.0	0.0	0.0	0.0	100.0	0.0	0	1	0
32065.0	59.651106	9.753696	108.4346	2014-11-02 11:04:56	2014-11-02 11:05:06	2.0	0.0	0.0	0.0	2.0	0.0	0.0	0.0	100.0	0	1	0
32064.0	59.651106	9.720753	102.9249	2014-11-02 11:05:16	2014-11-02 11:05:46	4.0	0.0	0.0	0.0	4.0	0.0	0.0	0.0	100.0	0	1	0
31754.0	59.633125	9.720753	90.6554	2014-11-02 11:05:56	2014-11-02 11:07:06	8.0	0.0	0.0	6.0	2.0	0.0	0.0	75.0	25.0	0	1	0
31753.0	59.633125	9.68781	86.0254	2014-11-02 11:07:16	2014-11-02 11:07:26	2.0	0.0	0.0	0.0	2.0	0.0	0.0	0.0	100.0	0	1	0
31443.0	59.615143	9.68781	71.302	2014-11-02 11:07:36	2014-11-02 11:09:16	5.0	0.0	0.0	2.0	3.0	0.0	0.0	40.0	60.0	0	1	0
31442.0	59.615143	9.654868	33.3823	2014-11-02 11:09:26	2014-11-02 11:09:56	4.0	0.0	0.0	4.0	0.0	0.0	0.0	100.0	0.0	0	1	0
31752.0	59.633125	9.654868	93.3408	2014-11-02 11:11:46	2014-11-02 11:12:16	4.0	0.0	2.0	0.0	2.0	0.0	50.0	0.0	50.0	0	1	0
31751.0	59.633125	9.621925	84.52528	2014-11-02 11:12:26	2014-11-02 11:21:16	10.0	0.0	9.0	0.0	1.0	0.0	90.0	0.0	10.0	0	1	1
32062.0	59.651106	9.654868	54.5498181818	2014-11-02 11:12:36	2014-11-02 11:14:46	11.0	0.0	8.0	0.0	3.0	0.0	72.0	0.0	27.0	0	1	0
32061.0	59.651106	9.621925	83.2221454545	2014-11-02 11:14:26	2014-11-02 11:19:46	11.0	0.0	11.0	0.0	0.0	0.0	100.0	0.0	0.0	0	1	0
32371.0	59.669088	9.621925	27.2596761905	2014-11-02 11:14:56	2014-11-02 11:18:16	21.0	0.0	21.0	0.0	0.0	0.0	100.0	0.0	0.0	1	0	0
31441.0	59.615143	9.621925	42.133	2014-11-02 11:21:26	2014-11-02 11:21:46	2.0	0.0	0.0	0.0	2.0	0.0	0.0	0.0	100.0	0	1	1
31440.0	59.615143	9.588982	85.9328	2014-11-02 11:21:56	2014-11-02 11:21:56	1.0	0.0	0.0	0.0	1.0	0.0	0.0	0.0	100.0	0	1	1
31750.0	59.633125	9.588982	86.6118666667	2014-11-02 11:22:56	2014-11-02 11:23:16	3.0	0.0	0.0	0.0	3.0	0.0	0.0	0.0	100.0	0	1	0
31749.0	59.633125	9.556039	83.5869333333	2014-11-02 11:23:26	2014-11-02 11:23:46	3.0	0.0	0.0	0.0	3.0	0.0	0.0	0.0	100.0	0	1	1
31438.0	59.615143	9.523096	91.0125714286	2014-11-02 11:25:06	2014-11-02 11:26:06	7.0	0.0	0.0	0.0	7.0	0.0	0.0	0.0	100.0	0	1	0
31437.0	59.615143	9.490153	91.9914857143	2014-11-02 11:26:16	2014-11-02 11:27:16	7.0	0.0	0.0	3.0	4.0	0.0	0.0	42.0	57.0	0	1	0
31436.0	59.615143	9.45721	86.118	2014-11-02 11:27:26	2014-11-02 11:27:56	4.0	0.0	0.0	4.0	0.0	0.0	0.0	100.0	0.0	0	1	0
30813.0	59.579181	9.358381	84.729	2014-11-02 11:33:16	2014-11-02 11:33:26	2.0	0.0	0.0	0.0	2.0	0.0	0.0	0.0	100.0	0	1	0
30503.0	59.561199	9.358381	87.11808	2014-11-02 11:34:06	2014-11-02 11:35:16	5.0	0.0	0.0	0.0	5.0	0.0	0.0	0.0	100.0	0	1	1
30193.0	59.543218	9.358381	87.5466857143	2014-11-02 11:35:26	2014-11-02 11:36:56	7.0	0.0	0.0	0.0	7.0	0.0	0.0	0.0	100.0	0	1	0
29883.0	59.525236	9.358381	83.4840444444	2014-11-02 11:37:06	2014-11-02 11:39:56	9.0	0.0	0.0	0.0	9.0	0.0	0.0	0.0	100.0	0	1	0
29572.0	59.507255	9.325438	82.61772	2014-11-02 11:40:06	2014-11-02 11:41:36	10.0	0.0	0.0	4.0	6.0	0.0	0.0	40.0	60.0	0	1	1
29262.0	59.489274	9.325438	79.1421333333	2014-11-02 11:41:46	2014-11-02 11:42:56	3.0	0.0	0.0	3.0	0.0	0.0	0.0	100.0	0.0	0	1	1
28952.0	59.471292	9.325438	72.1354	2014-11-02 11:43:36	2014-11-02 11:43:56	2.0	0.0	0.0	0.0	2.0	0.0	0.0	0.0	100.0	0	1	1
28642.0	59.453311	9.325438	83.6310285714	2014-11-02 11:45:46	2014-11-02 11:46:46	7.0	0.0	0.0	0.0	7.0	0.0	0.0	0.0	100.0	0	1	0
28332.0	59.435329	9.325438	83.9573333333	2014-11-02 11:46:56	2014-11-02 11:48:26	6.0	0.0	0.0	1.0	5.0	0.0	0.0	16.0	83.0	0	1	1
28022.0	59.417348	9.325438	84.2042666667	2014-11-02 11:48:36	2014-11-02 11:48:56	3.0	0.0	0.0	0.0	3.0	0.0	0.0	0.0	100.0	0	1	1
28021.0	59.417348	9.292495	50.1583333333	2014-11-02 11:49:06	2014-11-02 11:50:56	12.0	0.0	0.0	5.0	7.0	0.0	0.0	41.0	58.0	1	0	0
27711.0	59.399367	9.292495	85.0861714286	2014-11-02 11:53:56	2014-11-02 11:55:06	7.0	0.0	0.0	0.0	7.0	0.0	0.0	0.0	100.0	0	1	0
27710.0	59.399367	9.259552	85.0994	2014-11-02 11:55:16	2014-11-02 11:55:26	2.0	0.0	2.0	0.0	0.0	0.0	100.0	0.0	0.0	0	1	0
27400.0	59.381385	9.259552	85.0068	2014-11-02 11:55:36	2014-11-02 11:56:36	7.0	0.0	7.0	0.0	0.0	0.0	100.0	0.0	0.0	0	1	0
27399.0	59.381385	9.22661	84.1734	2014-11-02 11:56:46	2014-11-02 11:57:16	4.0	0.0	4.0	0.0	0.0	0.0	100.0	0.0	0.0	0	1	1
27398.0	59.381385	9.193667	71.0550666667	2014-11-02 11:58:26	2014-11-02 11:59:36	6.0	0.0	1.0	0.0	5.0	0.0	16.0	0.0	83.0	0	1	1
27397.0	59.381385	9.160724	80.4179555556	2014-11-02 11:59:46	2014-11-02 12:01:06	9.0	0.0	9.0	0.0	0.0	0.0	100.0	0.0	0.0	0	1	1
27396.0	59.381385	9.127781	87.2292	2014-11-02 12:01:16	2014-11-02 12:02:16	7.0	0.0	7.0	0.0	0.0	0.0	100.0	0.0	0.0	0	1	0
27706.0	59.399367	9.127781	88.0317333333	2014-11-02 12:02:26	2014-11-02 12:02:46	3.0	0.0	3.0	0.0	0.0	0.0	100.0	0.0	0.0	0	1	0
27705.0	59.399367	9.094838	89.6103428571	2014-11-02 12:02:56	2014-11-02 12:03:56	7.0	0.0	7.0	0.0	0.0	0.0	100.0	0.0	0.0	0	1	0
27704.0	59.399367	9.061895	30.58115	2014-11-02 12:04:06	2014-11-02 12:07:56	24.0	0.0	24.0	0.0	0.0	0.0	100.0	0.0	0.0	1	0	0
27703.0	59.399367	9.028952	78.1544	2014-11-02 12:08:06	2014-11-02 12:08:46	5.0	0.0	5.0	0.0	0.0	0.0	100.0	0.0	0.0	0	1	0
27393.0	59.381385	9.028952	94.3902666667	2014-11-02 12:08:56	2014-11-02 12:10:16	9.0	0.0	7.0	0.0	2.0	0.0	77.0	0.0	22.0	0	1	0
27083.0	59.363404	9.028952	87.8259555556	2014-11-02 12:10:26	2014-11-02 12:11:46	9.0	0.0	5.0	0.0	4.0	0.0	55.0	0.0	44.0	0	1	0
26774.0	59.345422	9.061895	81.7405454545	2014-11-02 12:11:56	2014-11-02 12:13:36	11.0	0.0	0.0	0.0	11.0	0.0	0.0	0.0	100.0	0	1	0
26464.0	59.327441	9.061895	77.45064	2014-11-02 12:13:46	2014-11-02 12:15:16	10.0	0.0	5.0	0.0	5.0	0.0	50.0	0.0	50.0	0	1	0
26154.0	59.30946	9.061895	83.4789	2014-11-02 12:15:26	2014-11-02 12:16:36	8.0	0.0	4.0	0.0	4.0	0.0	50.0	0.0	50.0	0	1	0
26155.0	59.30946	9.094838	85.7476	2014-11-02 12:16:46	2014-11-02 12:16:46	1.0	0.0	1.0	0.0	0.0	0.0	100.0	0.0	0.0	0	1	0
25845.0	59.291478	9.094838	32.683773913	2014-11-02 12:16:56	2014-11-02 12:20:36	23.0	0.0	23.0	0.0	0.0	0.0	100.0	0.0	0.0	1	0	0
25535.0	59.273497	9.094838	85.6417714286	2014-11-02 12:20:46	2014-11-02 12:21:56	7.0	0.0	2.0	0.0	5.0	0.0	28.0	0.0	71.0	0	1	0
24915.0	59.237534	9.094838	84.8216	2014-11-02 12:25:46	2014-11-02 12:25:46	1.0	0.0	0.0	0.0	1.0	0.0	0.0	0.0	100.0	0	1	1
24605.0	59.219553	9.094838	83.7104	2014-11-02 12:26:26	2014-11-02 12:27:16	6.0	0.0	0.0	0.0	6.0	0.0	0.0	0.0	100.0	0	1	1
24295.0	59.201571	9.094838	84.2197	2014-11-02 12:27:26	2014-11-02 12:28:36	8.0	0.0	0.0	0.0	8.0	0.0	0.0	0.0	100.0	0	1	0
24294.0	59.201571	9.061895	79.48784	2014-11-02 12:28:46	2014-11-02 12:29:26	5.0	0.0	0.0	0.0	5.0	0.0	0.0	0.0	100.0	0	1	0
23984.0	59.18359	9.061895	84.8010222222	2014-11-02 12:29:36	2014-11-02 12:30:56	9.0	0.0	0.0	0.0	9.0	0.0	0.0	0.0	100.0	0	1	0
23674.0	59.165608	9.061895	84.4512	2014-11-02 12:32:26	2014-11-02 12:32:26	1.0	0.0	0.0	1.0	0.0	0.0	0.0	100.0	0.0	0	1	0
23364.0	59.147627	9.061895	80.3768	2014-11-02 12:32:36	2014-11-02 12:32:56	3.0	0.0	0.0	3.0	0.0	0.0	0.0	100.0	0.0	0	1	0
23054.0	59.129646	9.061895	86.2414666667	2014-11-02 12:34:06	2014-11-02 12:35:26	9.0	0.0	0.0	6.0	3.0	0.0	0.0	66.0	33.0	0	1	0
22745.0	59.111664	9.094838	79.5948444444	2014-11-02 12:35:36	2014-11-02 12:36:56	9.0	0.0	2.0	4.0	3.0	0.0	22.0	44.0	33.0	0	1	1
22434.0	59.093683	9.061895	38.892	2014-11-02 12:41:16	2014-11-02 12:41:26	2.0	0.0	0.0	2.0	0.0	0.0	0.0	100.0	0.0	0	1	1
22124.0	59.075701	9.061895	77.5723428571	2014-11-02 12:41:36	2014-11-02 12:42:56	7.0	0.0	4.0	3.0	0.0	0.0	57.0	42.0	0.0	0	1	0
21814.0	59.05772	9.061895	84.5129333333	2014-11-02 12:43:06	2014-11-02 12:43:56	6.0	0.0	0.0	0.0	6.0	0.0	0.0	0.0	100.0	0	1	0
20886.0	59.003776	9.127781	85.4183555556	2014-11-02 12:48:06	2014-11-02 12:49:26	9.0	0.0	0.0	0.0	9.0	0.0	0.0	0.0	100.0	0	1	0
20576.0	58.985794	9.127781	77.4136	2014-11-02 12:49:56	2014-11-02 12:49:56	1.0	0.0	0.0	0.0	1.0	0.0	0.0	0.0	100.0	0	1	0
20266.0	58.967813	9.127781	34.6031578947	2014-11-02 12:51:06	2014-11-02 12:54:56	19.0	0.0	14.0	2.0	3.0	0.0	73.0	10.0	15.0	0	1	1
19956.0	58.949832	9.127781	75.9165666667	2014-11-02 12:55:06	2014-11-02 12:56:56	12.0	0.0	0.0	6.0	6.0	0.0	0.0	50.0	50.0	0	1	0
19646.0	58.93185	9.127781	97.4152	2014-11-02 12:57:06	2014-11-02 12:58:16	7.0	0.0	0.0	5.0	2.0	0.0	0.0	71.0	28.0	0	1	0
19336.0	58.913869	9.127781	98.8042	2014-11-02 12:58:26	2014-11-02 12:58:36	2.0	0.0	0.0	2.0	0.0	0.0	0.0	100.0	0.0	0	1	0
19335.0	58.913869	9.094838	98.5264	2014-11-02 12:58:46	2014-11-02 12:58:56	2.0	0.0	0.0	2.0	0.0	0.0	0.0	100.0	0.0	0	1	0
19025.0	58.895887	9.094838	85.7476	2014-11-02 13:00:26	2014-11-02 13:00:26	1.0	0.0	0.0	0.0	1.0	0.0	0.0	0.0	100.0	0	1	0
19024.0	58.895887	9.061895	84.5129333333	2014-11-02 13:00:36	2014-11-02 13:01:56	9.0	0.0	0.0	0.0	9.0	0.0	0.0	0.0	100.0	0	1	0
18713.0	58.877906	9.028952	63.3526461538	2014-11-02 13:03:06	2014-11-02 13:05:06	13.0	0.0	0.0	0.0	13.0	0.0	0.0	0.0	100.0	0	1	1
18403.0	58.859925	9.028952	65.3550222222	2014-11-02 13:11:06	2014-11-02 13:12:26	9.0	0.0	2.0	0.0	7.0	0.0	22.0	0.0	77.0	1	0	0
18093.0	58.841943	9.028952	84.7753	2014-11-02 13:12:36	2014-11-02 13:13:06	4.0	0.0	0.0	0.0	4.0	0.0	0.0	0.0	100.0	0	1	0
18094.0	58.841943	9.061895	86.71064	2014-11-02 13:13:16	2014-11-02 13:13:56	5.0	0.0	0.0	3.0	2.0	0.0	0.0	60.0	40.0	0	1	0
17784.0	58.823962	9.061895	82.414	2014-11-02 13:14:56	2014-11-02 13:14:56	1.0	0.0	0.0	0.0	1.0	0.0	0.0	0.0	100.0	0	1	0
17473.0	58.80598	9.028952	86.2569	2014-11-02 13:16:16	2014-11-02 13:17:46	8.0	0.0	0.0	5.0	3.0	0.0	0.0	62.0	37.0	0	1	0
17163.0	58.787999	9.028952	89.5750666667	2014-11-02 13:17:56	2014-11-02 13:18:46	6.0	0.0	1.0	0.0	5.0	0.0	16.0	0.0	83.0	0	1	0
16852.0	58.770018	8.996009	87.4144	2014-11-02 13:20:26	2014-11-02 13:20:26	1.0	0.0	0.0	0.0	1.0	0.0	0.0	0.0	100.0	0	1	1
17162.0	58.787999	8.996009	92.6	2014-11-02 13:20:36	2014-11-02 13:20:36	1.0	0.0	0.0	0.0	1.0	0.0	0.0	0.0	100.0	0	1	0
17161.0	58.787999	8.963066	87.11808	2014-11-02 13:20:46	2014-11-02 13:22:16	10.0	0.0	0.0	0.0	10.0	0.0	0.0	0.0	100.0	0	1	0
17160.0	58.787999	8.930123	91.5814	2014-11-02 13:22:26	2014-11-02 13:22:36	2.0	0.0	0.0	0.0	2.0	0.0	0.0	0.0	100.0	0	1	0
16850.0	58.770018	8.930123	94.6901142857	2014-11-02 13:22:46	2014-11-02 13:23:46	7.0	0.0	0.0	0.0	7.0	0.0	0.0	0.0	100.0	0	1	0
16849.0	58.770018	8.89718	99.3994857143	2014-11-02 13:23:56	2014-11-02 13:24:56	7.0	0.0	0.0	2.0	5.0	0.0	0.0	28.0	71.0	0	1	0
16537.0	58.752036	8.831295	35.0645333333	2014-11-02 13:27:06	2014-11-02 13:29:56	18.0	0.0	2.0	12.0	4.0	0.0	11.0	66.0	22.0	0	1	1
16226.0	58.734055	8.798352	92.2296	2014-11-02 13:31:36	2014-11-02 13:32:36	7.0	0.0	0.0	0.0	7.0	0.0	0.0	0.0	100.0	0	1	0
15916.0	58.716073	8.798352	91.3036	2014-11-02 13:32:46	2014-11-02 13:32:56	2.0	0.0	0.0	0.0	2.0	0.0	0.0	0.0	100.0	0	1	0
15915.0	58.716073	8.765409	92.34072	2014-11-02 13:33:06	2014-11-02 13:34:36	10.0	0.0	2.0	0.0	8.0	0.0	20.0	0.0	80.0	0	1	0
15604.0	58.698092	8.732466	108.00864	2014-11-02 13:34:46	2014-11-02 13:35:56	5.0	0.0	0.0	3.0	2.0	0.0	0.0	60.0	40.0	0	1	0
15293.0	58.680111	8.699523	91.4888	2014-11-02 13:38:06	2014-11-02 13:38:06	1.0	0.0	0.0	0.0	1.0	0.0	0.0	0.0	100.0	0	1	0
14982.0	58.662129	8.66658	82.4709846154	2014-11-02 13:38:16	2014-11-02 13:40:16	13.0	0.0	0.0	0.0	13.0	0.0	0.0	0.0	100.0	0	1	0
14672.0	58.644148	8.66658	81.4262666667	2014-11-02 13:40:26	2014-11-02 13:41:16	6.0	0.0	0.0	0.0	6.0	0.0	0.0	0.0	100.0	0	1	1
14671.0	58.644148	8.633637	66.2244333333	2014-11-02 13:41:26	2014-11-02 13:43:16	12.0	0.0	0.0	0.0	12.0	0.0	0.0	0.0	100.0	0	1	1
14670.0	58.644148	8.600694	4.85224	2014-11-02 13:43:26	2014-11-02 13:50:56	40.0	0.0	0.0	38.0	2.0	0.0	0.0	95.0	5.0	1	0	0
14669.0	58.644148	8.567751	82.6918	2014-11-02 13:53:26	2014-11-02 13:53:36	2.0	0.0	0.0	2.0	0.0	0.0	0.0	100.0	0.0	0	1	1
14359.0	58.626166	8.567751	89.8837333333	2014-11-02 13:53:46	2014-11-02 13:54:06	3.0	0.0	0.0	2.0	1.0	0.0	0.0	66.0	33.0	0	1	0
14358.0	58.626166	8.534808	84.43268	2014-11-02 13:54:16	2014-11-02 13:55:46	10.0	0.0	0.0	0.0	10.0	0.0	0.0	0.0	100.0	0	1	0
14357.0	58.626166	8.501865	84.5335111111	2014-11-02 13:55:56	2014-11-02 13:57:26	9.0	0.0	0.0	0.0	9.0	0.0	0.0	0.0	100.0	0	1	0
14356.0	58.626166	8.468922	83.2988444444	2014-11-02 13:57:36	2014-11-02 13:58:56	9.0	0.0	0.0	0.0	9.0	0.0	0.0	0.0	100.0	0	1	0
14046.0	58.608185	8.468922	86.8125	2014-11-02 13:59:06	2014-11-02 13:59:36	4.0	0.0	0.0	0.0	4.0	0.0	0.0	0.0	100.0	0	1	0
14045.0	58.608185	8.435979	87.044	2014-11-02 13:59:46	2014-11-02 14:00:56	3.0	0.0	0.0	1.0	2.0	0.0	0.0	33.0	66.0	0	1	1
14044.0	58.608185	8.403037	96.6744	2014-11-02 14:01:26	2014-11-02 14:01:26	1.0	0.0	0.0	0.0	1.0	0.0	0.0	0.0	100.0	0	1	0
13734.0	58.590204	8.403037	88.0934666667	2014-11-02 14:01:36	2014-11-02 14:01:56	3.0	0.0	0.0	0.0	3.0	0.0	0.0	0.0	100.0	0	1	0
13423.0	58.572222	8.370094	70.1908	2014-11-02 14:03:16	2014-11-02 14:03:56	4.0	0.0	0.0	4.0	0.0	0.0	0.0	100.0	0.0	0	1	1
12178.0	58.500297	8.205379	87.4607	2014-11-02 14:13:26	2014-11-02 14:13:56	4.0	0.0	0.0	4.0	0.0	0.0	0.0	100.0	0.0	0	1	0
11867.0	58.482315	8.172436	98.9431	2014-11-02 14:14:56	2014-11-02 14:16:06	8.0	0.0	0.0	0.0	8.0	0.0	0.0	0.0	100.0	0	1	0
11557.0	58.464334	8.172436	103.0638	2014-11-02 14:16:16	2014-11-02 14:16:26	2.0	0.0	0.0	0.0	2.0	0.0	0.0	0.0	100.0	0	1	0
11556.0	58.464334	8.139493	105.317066667	2014-11-02 14:16:36	2014-11-02 14:17:36	6.0	0.0	0.0	0.0	6.0	0.0	0.0	0.0	100.0	0	1	0
11246.0	58.446352	8.139493	100.069733333	2014-11-02 14:17:46	2014-11-02 14:18:16	3.0	0.0	0.0	3.0	0.0	0.0	0.0	100.0	0.0	0	1	0
11245.0	58.446352	8.10655	85.0531	2014-11-02 14:18:26	2014-11-02 14:18:56	4.0	0.0	0.0	4.0	0.0	0.0	0.0	100.0	0.0	0	1	0
10935.0	58.428371	8.10655	103.1564	2014-11-02 14:19:36	2014-11-02 14:19:56	3.0	0.0	0.0	3.0	0.0	0.0	0.0	100.0	0.0	0	1	1
10624.0	58.41039	8.073607	88.1552	2014-11-02 14:21:56	2014-11-02 14:21:56	1.0	0.0	0.0	0.0	1.0	0.0	0.0	0.0	100.0	0	1	0
10004.0	58.374427	8.073607	85.1096888889	2014-11-02 14:24:06	2014-11-02 14:25:26	9.0	0.0	0.0	0.0	9.0	0.0	0.0	0.0	100.0	0	1	0
9694.0	58.356445	8.073607	82.877	2014-11-02 14:25:36	2014-11-02 14:25:46	2.0	0.0	0.0	0.0	2.0	0.0	0.0	0.0	100.0	0	1	0
9693.0	58.356445	8.040664	97.2763	2014-11-02 14:25:56	2014-11-02 14:27:06	8.0	0.0	0.0	0.0	8.0	0.0	0.0	0.0	100.0	0	1	0
9383.0	58.338464	8.040664	104.003028571	2014-11-02 14:27:16	2014-11-02 14:28:16	7.0	0.0	0.0	0.0	7.0	0.0	0.0	0.0	100.0	0	1	0
9072.0	58.320483	8.007722	100.61916	2014-11-02 14:28:26	2014-11-02 14:29:56	10.0	0.0	1.0	0.0	9.0	0.0	10.0	0.0	90.0	0	1	1
8762.0	58.302501	8.007722	87.6922	2014-11-02 14:30:06	2014-11-02 14:30:16	2.0	2.0	0.0	0.0	0.0	100.0	0.0	0.0	0.0	0	1	0
8761.0	58.302501	7.974779	83.4789	2014-11-02 14:30:56	2014-11-02 14:31:46	4.0	1.0	0.0	2.0	1.0	25.0	0.0	50.0	25.0	0	1	0
8451.0	58.28452	7.974779	85.9945333333	2014-11-02 14:31:56	2014-11-02 14:33:16	3.0	2.0	0.0	1.0	0.0	66.0	0.0	33.0	0.0	0	1	0
8141.0	58.266538	7.974779	93.78528	2014-11-02 14:33:26	2014-11-02 14:34:36	5.0	0.0	1.0	0.0	4.0	0.0	20.0	0.0	80.0	0	1	0
7831.0	58.248557	7.974779	81.8584	2014-11-02 14:34:56	2014-11-02 14:34:56	1.0	0.0	0.0	0.0	1.0	0.0	0.0	0.0	100.0	0	1	1
7830.0	58.248557	7.941836	30.1876	2014-11-02 14:35:06	2014-11-02 14:38:16	20.0	14.0	2.0	0.0	4.0	70.0	10.0	0.0	20.0	0	1	1
7520.0	58.230576	7.941836	83.59465	2014-11-02 14:38:26	2014-11-02 14:39:36	8.0	4.0	0.0	0.0	4.0	50.0	0.0	0.0	50.0	0	1	1
7519.0	58.230576	7.908893	85.96984	2014-11-02 14:39:46	2014-11-02 14:40:26	5.0	0.0	1.0	0.0	4.0	0.0	20.0	0.0	80.0	0	1	0
7209.0	58.212594	7.908893	84.6893142857	2014-11-02 14:40:36	2014-11-02 14:41:56	7.0	0.0	4.0	0.0	3.0	0.0	57.0	0.0	42.0	0	1	1
6899.0	58.194613	7.908893	85.26145	2014-11-02 14:42:06	2014-11-02 14:43:36	8.0	0.0	4.0	0.0	4.0	0.0	50.0	0.0	50.0	0	1	1
6589.0	58.176631	7.908893	78.91835	2014-11-02 14:43:46	2014-11-02 14:44:56	8.0	0.0	5.0	0.0	3.0	0.0	62.0	0.0	37.0	0	1	1
6279.0	58.15865	7.908893	97.0448	2014-11-02 14:45:06	2014-11-02 14:45:06	1.0	0.0	1.0	0.0	0.0	0.0	100.0	0.0	0.0	0	1	0
6280.0	58.15865	7.941836	92.9704	2014-11-02 14:45:16	2014-11-02 14:46:26	8.0	0.0	8.0	0.0	0.0	0.0	100.0	0.0	0.0	0	1	0
5970.0	58.140669	7.941836	68.1438526316	2014-11-02 14:46:36	2014-11-02 15:09:26	19.0	0.0	19.0	0.0	0.0	0.0	100.0	0.0	0.0	0	1	1
5971.0	58.140669	7.974779	4.8354319328	2014-11-02 14:48:06	2014-11-02 15:07:46	119.0	0.0	119.0	0.0	0.0	0.0	100.0	0.0	0.0	1	0	0
5969.0	58.140669	7.908893	81.26576	2014-11-02 15:10:06	2014-11-02 15:10:46	5.0	3.0	2.0	0.0	0.0	60.0	40.0	0.0	0.0	0	1	1
5967.0	58.140669	7.843007	86.118	2014-11-02 15:12:56	2014-11-02 15:13:56	3.0	0.0	2.0	1.0	0.0	0.0	66.0	33.0	0.0	0	1	1
5966.0	58.140669	7.810064	17.4305882353	2014-11-02 15:14:06	2014-11-02 15:16:46	17.0	0.0	17.0	0.0	0.0	0.0	100.0	0.0	0.0	1	0	0
6276.0	58.15865	7.810064	87.6525142857	2014-11-02 15:16:56	2014-11-02 15:17:56	7.0	0.0	7.0	0.0	0.0	0.0	100.0	0.0	0.0	0	1	0
6585.0	58.176631	7.777121	87.4144	2014-11-02 15:19:36	2014-11-02 15:19:56	3.0	0.0	0.0	3.0	0.0	0.0	0.0	100.0	0.0	0	1	1
6895.0	58.194613	7.777121	78.85816	2014-11-02 15:20:26	2014-11-02 15:21:06	5.0	0.0	0.0	0.0	5.0	0.0	0.0	0.0	100.0	0	1	1
6894.0	58.194613	7.744178	67.8758	2014-11-02 15:21:16	2014-11-02 15:22:36	8.0	0.0	0.0	0.0	8.0	0.0	0.0	0.0	100.0	0	1	1
6893.0	58.194613	7.711235	23.15	2014-11-02 15:23:06	2014-11-02 15:25:56	18.0	0.0	0.0	0.0	18.0	0.0	0.0	0.0	100.0	0	1	1
6892.0	58.194613	7.678292	82.2596666667	2014-11-02 15:27:06	2014-11-02 15:27:56	6.0	0.0	0.0	0.0	6.0	0.0	0.0	0.0	100.0	0	1	0
6891.0	58.194613	7.645349	83.0622	2014-11-02 15:28:06	2014-11-02 15:29:16	8.0	0.0	0.0	0.0	8.0	0.0	0.0	0.0	100.0	0	1	0
6890.0	58.194613	7.612406	81.4206545455	2014-11-02 15:29:36	2014-11-02 15:31:16	11.0	0.0	0.0	0.0	11.0	0.0	0.0	0.0	100.0	0	1	1
6889.0	58.194613	7.579464	60.8382	2014-11-02 15:31:26	2014-11-02 15:31:56	4.0	0.0	0.0	0.0	4.0	0.0	0.0	0.0	100.0	0	1	1
6579.0	58.176631	7.579464	86.2826222222	2014-11-02 15:32:06	2014-11-02 15:33:26	9.0	0.0	0.0	0.0	9.0	0.0	0.0	0.0	100.0	0	1	1
6578.0	58.176631	7.546521	98.8968	2014-11-02 15:35:06	2014-11-02 15:35:06	1.0	0.0	0.0	0.0	1.0	0.0	0.0	0.0	100.0	0	1	1
6886.0	58.194613	7.480635	2.9632	2014-11-02 15:38:06	2014-11-02 15:39:06	7.0	0.0	0.0	0.0	7.0	0.0	0.0	0.0	100.0	1	0	0
7196.0	58.212594	7.480635	68.67216	2014-11-02 15:39:16	2014-11-02 15:40:56	10.0	0.0	0.0	0.0	10.0	0.0	0.0	0.0	100.0	0	1	0
7506.0	58.230576	7.480635	83.6178	2014-11-02 15:41:06	2014-11-02 15:42:16	8.0	0.0	0.0	0.0	8.0	0.0	0.0	0.0	100.0	0	1	1
7816.0	58.248557	7.480635	83.56224	2014-11-02 15:42:36	2014-11-02 15:43:16	5.0	0.0	0.0	0.0	5.0	0.0	0.0	0.0	100.0	0	1	0
7815.0	58.248557	7.447692	90.0072	2014-11-02 15:43:26	2014-11-02 15:44:36	8.0	0.0	0.0	5.0	3.0	0.0	0.0	62.0	37.0	0	1	0
8125.0	58.266538	7.447692	81.6732	2014-11-02 15:44:46	2014-11-02 15:44:46	1.0	0.0	0.0	1.0	0.0	0.0	0.0	100.0	0.0	0	1	0
8124.0	58.266538	7.414749	78.59888	2014-11-02 15:44:56	2014-11-02 15:45:46	5.0	0.0	0.0	4.0	1.0	0.0	0.0	80.0	20.0	0	1	0
8123.0	58.266538	7.381806	78.7717333333	2014-11-02 15:47:06	2014-11-02 15:47:56	6.0	0.0	0.0	0.0	6.0	0.0	0.0	0.0	100.0	0	1	1
8432.0	58.28452	7.348863	78.9363555556	2014-11-02 15:49:06	2014-11-02 15:50:36	9.0	0.0	9.0	0.0	0.0	0.0	100.0	0.0	0.0	0	1	1
8742.0	58.302501	7.348863	27.4858588235	2014-11-02 15:50:46	2014-11-02 15:54:06	17.0	0.0	9.0	0.0	8.0	0.0	52.0	0.0	47.0	0	1	1
9052.0	58.320483	7.348863	56.6712	2014-11-02 15:54:16	2014-11-02 15:54:26	2.0	0.0	0.0	0.0	2.0	0.0	0.0	0.0	100.0	0	1	1
9047.0	58.320483	7.184149	17.07544	2014-11-02 15:59:56	2014-11-02 16:01:26	10.0	0.0	0.0	2.0	8.0	0.0	0.0	20.0	80.0	0	1	1
9352.0	58.338464	7.019434	85.4301142857	2014-11-02 16:06:56	2014-11-02 16:07:56	7.0	0.0	0.0	0.0	7.0	0.0	0.0	0.0	100.0	0	1	0
9662.0	58.356445	7.019434	89.6368	2014-11-02 16:09:06	2014-11-02 16:09:06	1.0	0.0	0.0	0.0	1.0	0.0	0.0	0.0	100.0	0	1	0
9660.0	58.356445	6.953548	98.0942666667	2014-11-02 16:10:56	2014-11-02 16:11:16	3.0	0.0	0.0	0.0	3.0	0.0	0.0	0.0	100.0	0	1	1
9970.0	58.374427	6.953548	28.115675	2014-11-02 16:11:26	2014-11-02 16:13:56	16.0	0.0	0.0	6.0	10.0	0.0	0.0	37.0	62.0	0	1	1
9966.0	58.374427	6.821776	22.70552	2014-11-02 16:18:16	2014-11-02 16:18:56	5.0	0.0	0.0	5.0	0.0	0.0	0.0	100.0	0.0	0	1	1
9965.0	58.374427	6.788833	82.414	2014-11-02 16:21:06	2014-11-02 16:21:46	5.0	0.0	0.0	5.0	0.0	0.0	0.0	100.0	0.0	0	1	1
10275.0	58.392408	6.788833	82.52975	2014-11-02 16:21:56	2014-11-02 16:23:06	8.0	0.0	0.0	8.0	0.0	0.0	0.0	100.0	0.0	0	1	1
10274.0	58.392408	6.755891	77.5062	2014-11-02 16:24:16	2014-11-02 16:24:46	4.0	0.0	4.0	0.0	0.0	0.0	100.0	0.0	0.0	0	1	1
10273.0	58.392408	6.722948	85.7476	2014-11-02 16:24:56	2014-11-02 16:25:56	4.0	0.0	1.0	3.0	0.0	0.0	25.0	75.0	0.0	0	1	0
10581.0	58.41039	6.657062	36.727475	2014-11-02 16:28:16	2014-11-02 16:32:46	16.0	0.0	14.0	0.0	2.0	0.0	87.0	0.0	12.0	0	1	1
10889.0	58.428371	6.591176	82.2288	2014-11-02 16:35:36	2014-11-02 16:35:36	1.0	0.0	0.0	0.0	1.0	0.0	0.0	0.0	100.0	0	1	1
10888.0	58.428371	6.558233	82.0436	2014-11-02 16:35:46	2014-11-02 16:35:56	2.0	0.0	0.0	2.0	0.0	0.0	0.0	100.0	0.0	0	1	1
11198.0	58.446352	6.558233	82.1362	2014-11-02 16:37:06	2014-11-02 16:37:16	2.0	0.0	2.0	0.0	0.0	0.0	100.0	0.0	0.0	0	1	0
11197.0	58.446352	6.52529	42.6121043478	2014-11-02 16:37:26	2014-11-02 16:41:06	23.0	0.0	23.0	0.0	0.0	0.0	100.0	0.0	0.0	1	0	0
11507.0	58.464334	6.52529	84.4512	2014-11-02 16:41:16	2014-11-02 16:41:16	1.0	0.0	1.0	0.0	0.0	0.0	100.0	0.0	0.0	0	1	0
11506.0	58.464334	6.492347	86.18745	2014-11-02 16:41:26	2014-11-02 16:42:36	8.0	0.0	0.0	0.0	8.0	0.0	0.0	0.0	100.0	0	1	0
11816.0	58.482315	6.492347	83.9882	2014-11-02 16:42:46	2014-11-02 16:42:56	2.0	0.0	0.0	0.0	2.0	0.0	0.0	0.0	100.0	0	1	1
11504.0	58.464334	6.426461	38.5833333333	2014-11-02 16:47:16	2014-11-02 16:47:36	3.0	0.0	3.0	0.0	0.0	0.0	100.0	0.0	0.0	0	1	1
11503.0	58.464334	6.393518	56.1001666667	2014-11-02 16:47:46	2014-11-02 16:49:36	12.0	0.0	7.0	0.0	5.0	0.0	58.0	0.0	41.0	0	1	1
11502.0	58.464334	6.360576	83.9573333333	2014-11-02 16:49:46	2014-11-02 16:50:06	3.0	0.0	2.0	0.0	1.0	0.0	66.0	0.0	33.0	0	1	1
11501.0	58.464334	6.327633	44.2628	2014-11-02 16:52:36	2014-11-02 16:52:46	2.0	0.0	0.0	2.0	0.0	0.0	0.0	100.0	0.0	0	1	0
11811.0	58.482315	6.327633	68.2462	2014-11-02 16:52:56	2014-11-02 16:53:46	4.0	0.0	0.0	4.0	0.0	0.0	0.0	100.0	0.0	0	1	1
12122.0	58.500297	6.360576	108.5272	2014-11-02 16:55:06	2014-11-02 16:55:16	2.0	0.0	0.0	2.0	0.0	0.0	0.0	100.0	0.0	0	1	0
12121.0	58.500297	6.327633	94.6372	2014-11-02 16:55:26	2014-11-02 16:55:36	2.0	0.0	0.0	2.0	0.0	0.0	0.0	100.0	0.0	0	1	0
12431.0	58.518278	6.327633	86.2106	2014-11-02 16:56:06	2014-11-02 16:57:36	2.0	0.0	0.0	1.0	1.0	0.0	0.0	50.0	50.0	0	1	0
12430.0	58.518278	6.29469	84.0808	2014-11-02 16:57:46	2014-11-02 16:57:46	1.0	0.0	0.0	0.0	1.0	0.0	0.0	0.0	100.0	0	1	0
12740.0	58.536259	6.29469	89.0547428571	2014-11-02 16:57:56	2014-11-02 16:58:56	7.0	0.0	0.0	6.0	1.0	0.0	0.0	85.0	14.0	0	1	0
12737.0	58.536259	6.195861	81.8584	2014-11-02 17:03:06	2014-11-02 17:03:16	2.0	0.0	0.0	0.0	2.0	0.0	0.0	0.0	100.0	0	1	1
12736.0	58.536259	6.162918	81.2410666667	2014-11-02 17:03:46	2014-11-02 17:05:26	3.0	0.0	0.0	0.0	3.0	0.0	0.0	0.0	100.0	0	1	1
12735.0	58.536259	6.129975	77.0432	2014-11-02 17:05:36	2014-11-02 17:05:36	1.0	0.0	0.0	1.0	0.0	0.0	0.0	100.0	0.0	0	1	0
12425.0	58.518278	6.129975	81.7658	2014-11-02 17:05:46	2014-11-02 17:06:56	8.0	0.0	0.0	8.0	0.0	0.0	0.0	100.0	0.0	0	1	0
12424.0	58.518278	6.097032	97.23	2014-11-02 17:08:06	2014-11-02 17:08:26	3.0	0.0	0.0	3.0	0.0	0.0	0.0	100.0	0.0	0	1	1
12113.0	58.500297	6.064089	97.7856	2014-11-02 17:08:56	2014-11-02 17:08:56	1.0	0.0	0.0	1.0	0.0	0.0	0.0	100.0	0.0	0	1	0
12112.0	58.500297	6.031146	81.8584	2014-11-02 17:11:36	2014-11-02 17:11:46	2.0	0.0	0.0	0.0	2.0	0.0	0.0	0.0	100.0	0	1	0
11802.0	58.482315	6.031146	84.0543428571	2014-11-02 17:11:56	2014-11-02 17:12:56	7.0	0.0	0.0	0.0	7.0	0.0	0.0	0.0	100.0	0	1	0
11181.0	58.446352	5.998203	25.0946	2014-11-02 17:18:06	2014-11-02 17:18:16	2.0	0.0	2.0	0.0	0.0	0.0	100.0	0.0	0.0	0	1	0
11180.0	58.446352	5.96526	51.7634	2014-11-02 17:18:26	2014-11-02 17:18:56	4.0	0.0	4.0	0.0	0.0	0.0	100.0	0.0	0.0	0	1	0
11489.0	58.464334	5.932318	100.325485714	2014-11-02 17:20:56	2014-11-02 17:21:56	7.0	0.0	6.0	0.0	1.0	0.0	85.0	0.0	14.0	0	1	1
11488.0	58.464334	5.899375	72.9688	2014-11-02 17:22:06	2014-11-02 17:23:06	3.0	0.0	0.0	2.0	1.0	0.0	0.0	66.0	33.0	0	1	1
11798.0	58.482315	5.899375	102.6008	2014-11-02 17:23:16	2014-11-02 17:23:16	1.0	0.0	0.0	0.0	1.0	0.0	0.0	0.0	100.0	0	1	0
11797.0	58.482315	5.866432	89.9146	2014-11-02 17:23:26	2014-11-02 17:24:46	8.0	0.0	0.0	0.0	8.0	0.0	0.0	0.0	100.0	0	1	1
11796.0	58.482315	5.833489	96.4892	2014-11-02 17:24:56	2014-11-02 17:26:06	2.0	0.0	1.0	0.0	1.0	0.0	50.0	0.0	50.0	0	1	0
11795.0	58.482315	5.800546	91.9209333333	2014-11-02 17:26:16	2014-11-02 17:27:06	6.0	0.0	1.0	0.0	5.0	0.0	16.0	0.0	83.0	0	1	0
12105.0	58.500297	5.800546	77.4753333333	2014-11-02 17:27:16	2014-11-02 17:28:36	9.0	0.0	5.0	4.0	0.0	0.0	55.0	44.0	0.0	0	1	1
12415.0	58.518278	5.800546	90.0998	2014-11-02 17:28:46	2014-11-02 17:28:56	2.0	0.0	0.0	2.0	0.0	0.0	0.0	100.0	0.0	0	1	0
12414.0	58.518278	5.767603	97.3689	2014-11-02 17:29:06	2014-11-02 17:30:16	8.0	2.0	4.0	2.0	0.0	25.0	50.0	25.0	0.0	0	1	1
12413.0	58.518278	5.73466	117.4168	2014-11-02 17:30:26	2014-11-02 17:30:26	1.0	0.0	0.0	1.0	0.0	0.0	0.0	100.0	0.0	0	1	0
12723.0	58.536259	5.73466	117.540266667	2014-11-02 17:30:36	2014-11-02 17:30:56	3.0	0.0	0.0	1.0	2.0	0.0	0.0	33.0	66.0	0	1	0
17682.0	58.823962	5.701717	39.0772	2014-11-02 17:57:16	2014-11-02 17:57:16	1.0	0.0	1.0	0.0	0.0	0.0	100.0	0.0	0.0	0	1	0
17992.0	58.841943	5.701717	38.5010222222	2014-11-02 17:57:26	2014-11-02 17:58:46	9.0	0.0	9.0	0.0	0.0	0.0	100.0	0.0	0.0	0	1	0
17993.0	58.841943	5.73466	26.03912	2014-11-02 17:58:56	2014-11-02 18:01:16	15.0	0.0	15.0	0.0	0.0	0.0	100.0	0.0	0.0	1	0	0
18303.0	58.859925	5.73466	94.7812444444	2014-11-02 18:01:26	2014-11-02 18:02:46	9.0	0.0	9.0	0.0	0.0	0.0	100.0	0.0	0.0	0	1	0
18613.0	58.877906	5.73466	94.7761	2014-11-02 18:02:56	2014-11-02 18:04:06	8.0	0.0	8.0	0.0	0.0	0.0	100.0	0.0	0.0	0	1	0
18923.0	58.895887	5.73466	91.00728	2014-11-02 18:04:16	2014-11-02 18:04:56	5.0	0.0	5.0	0.0	0.0	0.0	100.0	0.0	0.0	0	1	0
18922.0	58.895887	5.701717	71.302	2014-11-02 18:05:06	2014-11-02 18:05:26	3.0	0.0	3.0	0.0	0.0	0.0	100.0	0.0	0.0	0	1	0
19232.0	58.913869	5.701717	94.0816	2014-11-02 18:08:06	2014-11-02 18:08:06	1.0	0.0	1.0	0.0	0.0	0.0	100.0	0.0	0.0	0	1	0
19233.0	58.913869	5.73466	94.85944	2014-11-02 18:08:16	2014-11-02 18:09:06	5.0	0.0	5.0	0.0	0.0	0.0	100.0	0.0	0.0	0	1	0
19543.0	58.93185	5.73466	94.1742	2014-11-02 18:09:16	2014-11-02 18:10:26	8.0	0.0	8.0	0.0	0.0	0.0	100.0	0.0	0.0	0	1	0
19853.0	58.949832	5.73466	46.59632	2014-11-02 18:10:36	2014-11-02 18:12:56	15.0	0.0	15.0	0.0	0.0	0.0	100.0	0.0	0.0	0	1	1
19852.0	58.949832	5.701717	5.4634	2014-11-02 18:13:06	2014-11-02 18:13:36	4.0	0.0	4.0	0.0	0.0	0.0	100.0	0.0	0.0	0	1	1
